[General]
BackgroundColorA=0
BackgroundColorX=0.8312047123908997
BackgroundColorY=1
BackgroundColorZ=0.929808497428894
EdgesWidth=1
IsCentral_projection=true
IsLineType1=true
IsPicType1=true
LineColorW=1
LineColorX=0.5
LineColorY=0.5
LineColorZ=0.5
VertexColorW=1
VertexColorX=0.800000011920929
VertexColorY=0.800000011920929
VertexColorZ=0.800000011920929
VertexType=0
VertexWidth=1
